1 -1
2 3
3 1
4 3
5 -1
6 9
7 9
8 1
9 3
10 1
11 5
12 1
13 -1
14 -1
15 30
16 10
17 -1
18 9
19 -1
20 3
21 9
22 9
23 9
24 9
25 9
26 -1
27 -1
28 1
29 -1
30 3
31 1
32 -1
33 -1
34 3
35 -1
36 1
37 -1
38 9
39 9
40 -1
41 3
42 -1
43 -1
44 1
45 3
46 1
47 -1
48 3
49 -1
50 1
51 -1
52 -1
53 3
54 1
55 3
56 -1
57 1
58 3
59 -1
60 -1
61 -1
62 1
63 -1
64 3
65 -1
66 1
67 -1
68 3
69 -1
70 -1
71 1
72 -1
73 -1
74 3
75 1
76 -1
77 3
78 1
79 -1
80 -1
81 -1
82 3
83 -1
84 1
85 3
86 -1
87 9
88 9
89 9
90 -1
91 3
92 -1
93 -1
94 -1
95 -1
96 1
97 -1
98 -1
99 -1
100 3
101 -1
102 -1
103 1
104 3
105 -1
106 1
107 -1
108 -1
109 9
110 9
111 -1
112 9
113 9
114 9
115 1
116 -1
117 3
118 -1
119 1
120 -1
121 30
122 30
123 -1
124 50
125 -1
126 50
127 -1
128 -1
129 9
130 9
131 3
132 -1
133 1
134 -1
135 -1
136 3
137 1
138 3
139 -1
140 1
141 -1
142 3
143 -1
144 -1
145 1
146 -1
147 3
148 -1
149 1
150 3
151 1
152 -1
153 -1
154 3
155 -1
156 -1
157 9
158 9
159 9
160 9
161 9
162 -1
163 -1
164 3
165 1
166 -1
167 -1
168 3
169 -1
170 -1
171 9
172 -1
173 -1
174 9
175 1
176 -1
177 -1
178 -1
179 30
180 10
181 -1
182 38
183 -1
184 -1
185 19
186 -1
187 -1
188 -1
189 3
190 -1
191 1
192 3
193 1
194 3
195 1
196 3
197 -1
198 -1
199 1
200 -1
201 3
202 -1
203 -1
204 9
205 9
206 9
207 9
208 -1
209 9
210 1
211 3
212 1
213 -1
214 -1
215 -1
216 3
217 -1
218 -1
219 1
220 3
221 25
222 3
223 1
224 -1
225 3
226 25
227 -1
228 3
229 1
230 63
231 9
232 9
233 1